((("paths_c" .
   [1 0 0 0 0 0 0])
  ("paths_b" .
   [1 0 0 0 0 0 0])
  ("paths_a" .
   [4 0 0 0 0 0 0])
  ("n_a" .
   [2 0 0])
  ("tail_tail" .
   [1 0 0 0 0 0 0 0 0])
  ("second_elem" .
   [0 0 0 1 1 0 0 0 0 0 0])
  ("triangle_around" .
   [0 0 0 3 0 0 0 0 0 0 0 0 0 0 0])
  ("center" .
   [1 0 0 0 0 0])
  ("longest" .
   [2 0 0 0 0 0 0])
  ("tmp" .
   [12 0 0])
  ("tmp_max" .
   [7 0 0 0 0 0 0])
  ("head" .
   [6 0 0 0])
  ("tail" .
   [11 0 0 0])
  ("solve" .
   [6 0 0 0 0])
  ("max" .
   [16 0 0])
  ("paths" .
   [17 0 0 0 0])
  ("st" .
   [1 0])
  ("r" .
   [4])
  ("input" .
   [1 0 0 0 0])
  ("elemSize" .
   [2 0 0 0 0 1 0 0])
  ("pathorg" .
   [1 0 0 0 0 0 0])
  ("png" .
   [1 0 0])
  ("path" .
   [1 0 0 0])
  ("c" .
   [16])
  ("f" .
   [1])
  ("beta" .
   [1 0 0 0])
  ("parameter" .
   [2 0 0 0 1 1 0 0 0])
  ("atoi" .
   [1 0 0 0])
  ("time_steps" .
   [1 0 0 0 1 0 0 0 0 0])
  ("kernel_size" .
   [1 0 0 1 0 0 0 1 0 0 0])
  ("tauT" .
   [2 0 0 0])
  ("tauL" .
   [2 0 0 0])
  ("vT" .
   [2 0])
  ("vL" .
   [2 0])
  ("b" .
   [8])
  ("vF" .
   [2 0])
  ("optarg" .
   [1 0 0 0 0 0])
  ("stdlib" .
   [1 0 0 0 0 0])
  ("name" .
   [1 0 0 0])
  ("string" .
   [1 0 0 0 0 0])
  ("option" .
   [2 0 0 0 0 0])
  ("option_index" .
   [2 0 0 0 0 0 0 0 0 0 0 0])
  ("long_options" .
   [1 0 0 0 0 0 1 0 0 0 0 0])
  ("o" .
   [1])
  ("required_argument" .
   [3 0 0 0 1 0 0 0 0 1 0 0 0 0 0 0 0])
  ("required" .
   [1 0 0 0 0 0 1 0])
  ("n" .
   [4])
  ("optind" .
   [2 0 0 0 0 0])
  ("markdown-mode" .
   [0 0 0 0 0 0 0 0 0 0 1 0 0])
  ("mp4" .
   [1 0 0])
  ("video" .
   [1 0 0 0 0])
  ("Content" .
   [1 0 0 0 0 0 0])
  ("set" .
   [1 0 0])
  ("response" .
   [1 0 0 0 0 0 0 0])
  ("h264_vaapi" .
   [0 0 0 0 0 1 0 0 0 0])
  ("if" .
   [1 0])
  ("flv" .
   [1 0 0])
  ("ar" .
   [1 0])
  ("LD_LIBRARY_PATH" .
   [0 0 0 1 0 0 0 0 0 0 0 0 0 0 0])
  ("setq-default" .
   [0 0 0 0 0 1 0 0 0 0 0 0])
  ("sort" .
   [1 0 0 0])
  ("nix-mode" .
   [0 0 0 0 1 0 0 0])
  ("require" .
   [1 0 0 0 1 2 0])
  ("res" .
   [1 0 0])
  ("len" .
   [1 0 0])
  ("mean" .
   [3 0 0 0])
  ("->" .
   [3 0])
  ("::" .
   [2 0])
  ("virt_type" .
   [1 0 0 0 0 0 0 0 0])
  ("an" .
   [1 0])
  ("guest" .
   [1 0 0 0 0])
  ("features" .
   [1 0 0 0 0 0 0 0])
  ("append" .
   [1 0 0 0 0 0])
  ("vconfig" .
   [1 0 0 0 0 0 0])
  ("LibvirtConfigGuest" .
   [0 0 0 0 0 0 0 0 0 0 0 0 0 0 0 1 0 0])
  ("LibvirtConfigGuestFeatureKVM" .
   [0 0 0 0 0 0 0 0 0 0 0 0 0 0 0 0 0 0 0 0 0 0 0 0 0 1 0 0])
  ("kvm" .
   [3 0 0])
  ("hidden" .
   [4 0 0 0 0 0])
  ("etree" .
   [3 0 0 0 0])
  ("Element" .
   [2 0 0 0 0 0 0])
  ("info" .
   [1 0 0 0])
  ("state" .
   [1 0 0 0 0])
  ("_domain" .
   [2 0 0 0 0 0 0])
  ("XMLDesc" .
   [1 0 0 0 0 0 0])
  ("undefineFlags" .
   [0 0 0 0 0 1 0 0 0 0 0 0 0])
  ("set-face-background" .
   [1 0 0 0 0 0 0 0 0 0 0 1 0 0 0 0 0 0 0])
  ("region" .
   [2 0 0 0 0 0])
  ("csharp-mode" .
   [1 0 0 0 0 0 0 0 0 0 0])
  ("wakelan" .
   [2 0 0 0 0 0 0])
  ("import" .
   [1 0 0 0 0 0])
  ("from" .
   [1 0 0 0])
  ("components" .
   [1 0 0 0 0 0 0 0 0 0])
  ("MariaDB" .
   [0 0 0 0 0 1 0])
  ("js" .
   [1 0])
  ("mariadb" .
   [2 0 0 0 0 0 0])
  ("conoha" .
   [2 0 0 0 0 0])
  ("database" .
   [1 0 0 0 0 0 0 0])
  ("connection" .
   [2 0 0 0 0 0 0 0 0 0])
  ("var" .
   [1 0 0])
  ("LiveSelect" .
   [1 0 0 0 0 0 0 0 0 0])
  ("10.0.0.255" .
   [1 0 0 0 0 0 0 0 0 0])
  ("3f95ea" .
   [5 0 0 0 0 0])
  ("input_image" .
   [4 0 0 0 1 8 1 1 0 0 0])
  ("in" .
   [9 0])
  ("rows" .
   [8 0 0 0])
  ("cols" .
   [7 0 0 0])
  ("stimu" .
   [6 0 0 0 0])
  ("step" .
   [11 0 0 0])
  ("i" .
   [13])
  ("data" .
   [3 0 0 0])
  ("s" .
   [7])
  ("cout" .
   [38 0 0 0])
  ("endl" .
   [39 0 0 1])
  ("std" .
   [81 0 0])
  ("NULL" .
   [5 0 0 0])
  ("cv" .
   [8 0])
  ("Mat" .
   [2 0 0])
  ("image" .
   [7 0 0 0 0])
  ("view" .
   [2 0 0 0])
  ("test" .
   [4 0 0 0])
  ("row" .
   [3 0 0])
  ("col" .
   [5 0 0])
  ("t" .
   [6])
  ("float2gray_image" .
   [0 0 0 0 0 0 0 1 0 0 0 0 0 0 0 0])
  ("printf" .
   [1 0 0 0 0 0])
  ("width" .
   [3 0 0 0 0])
  ("expL" .
   [1 0 0 0])
  ("height" .
   [1 0 0 0 0 0])
  ("main" .
   [1 0 0 0])
  ("p" .
   [2])
  ("Point" .
   [12 0 0 0 0])
  ("cin" .
   [3 0 0])
  ("chibi" .
   [45 0 0 2 0])
  ("return" .
   [0 0 0 1 0 0])
  ("mark" .
   [3 0 0 0])
  ("tend" .
   [1 0 0 0])
  ("vec" .
   [18 0 0])
  ("Vector" .
   [14 0 0 0 0 0])
  ("check_passed" .
   [1 0 0 0 0 0 0 0 0 0 0 0])
  ("stopped" .
   [4 0 0 0 0 0 0])
  ("stop" .
   [3 0 0 0])
  ("check_left" .
   [0 0 0 0 0 1 0 0 0 0])
  ("next" .
   [3 0 0 0])
  ("before" .
   [3 0 1 1 0 0])
  ("turn" .
   [5 0 0 0])
  ("num" .
   [5 0 0])
  ("ptr" .
   [15 0 0])
  ("check_conflict" .
   [1 0 0 0 0 0 0 0 0 0 0 0 0 0])
  ("vec_x" .
   [1 0 0 0 0])
  ("print_history" .
   [0 0 0 0 2 2 0 0 0 0 0 0 0])
  ("end" .
   [3 0 0])))
